617
606
594
581
569
556
544
531
519
506
494
482
471
459
447
436
427
416
405
395
384
376
366
356
346
337
328
319
311
302
294
286
279
272
264
257
251
244
238
231
225
220
214
209
204
198
193
188
182.3
177.8
173.2
168.9
164.8
160.7
156.7
152.9
149.2
145.6
142.1
138.7
135.5
132.2
129.1
126.1
123.2
120.4
117.6
114.9
112.3
109.8
107.4
104.9
102.7
100.4
98.2
96.1
94
92
90.1
88.2
86.4
84.6
82.9
81.2
79.5
77.9
76.3
74.8
73.3
71.8
70.4
69
67.7
66.4
65.1
63.9
62.7
61.5
60.3
59.2
58.1
57.1
56.1
55
54
53
52.1
51.2
50.2
49.4
48.5
47.7
46.8
46
45.3
44.5
43.7
43
42.3
41.6
40.9
40.3
39.6
39
38.4
37.7
37.1
36.5
36
35.4
34.8
34.3
33.7
33.2
32.7
32.2
31.7
31.2
30.7
30.3
29.8
29.4
29
28.5
28.1
27.7
27.3
26.9
26.5
26.2
25.8
25.4
25.1
24.7
24.4
24
23.7
23.4
23.1
22.8
22.5