554
551
544
537
529
523
516
508
501
494
486
479
472
465
458
451
443
436
429
422
416
409
402
396
389
383
377
370
364
358
352
346
340
334
329
323
318
312
307
303
298
292
287
282
277
272
268
263
258
254
249
245
240
236
232
228
224
220
217
213
209
205
202
197.6
194.1
190.8
187.5
184.2
181.2
178
175.1
172
169.1
166.2
163.6
160.8
158.1
155.5
152.9
150.5
147.9
145.4
143
140.7
138.4
136.1
133.9
131.8
129.6
127.5
125.5
123.4
121.5
119.5
117.7
115.8
114
112.2
110.5
108.7
107.1
105.4
103.8
102.2
100.6
99.1
97.6
96.1
94.7
93.3
91.9
90.5
89.2
87.9
86.6
85.3
84
82.8
81.6
80.4
79.3
78.2
77.1
76
74.9
73.9
72.8
71.8
70.8
69.9
68.9
67.9
67
66.1
65.2
64.3
63.4
62.6
61.7
60.9
60.1
59.3
58.5
57.7
57
56.3
55.5
54.8
54.1
53.4
52.7
52.1
51.4
50.8
50.2
49.5
48.9
48.3
47.7
47.1
46.5
45.9
45.4
44.8
44.3
43.7
43.2
42.7
42.2
41.7
41.2
40.7
40.2
39.7
39.3
38.8
38.4
37.9
37.5
37.1
36.7
36.2
35.8
35.4
35
34.6
34.3
33.9
33.5
33.1
32.8
32.4
32.1
31.7
31.4
31
30.7
30.4
30.1
29.7
29.4