553
550
547
537
525
514
502
491
479
468
456
445
434
423
412
401
391
381
371
362
352
343
334
325
317
308
300
292
284
277
270
262
255
249
242
236
230
224
218
212
207
202
196
192
187
181
176.4
172
167.9
163.8
159.7
155.8
152.1
148.4
144.8
141.4
138
134.8
131.7
128.7
125.7
122.7
119.9
117.2
114.6
112
109.5
107.1
104.7
102.4
100.2
98
95.9
93.9
91.9
90
88.1
86.2
84.5
82.7
81.1
79.7
78.1
76.5
75
73.5
72.1
70.6
69.3
68
66.6
65.4
64.1
62.9
61.7
60.5
59.4
58.3
57.2
56.2
55.2
54.1
53.2
52.3
51.3
50.4
49.6
48.7
47.8
47
46.2
45.4
44.6
43.9
43.1
42.4
41.7
41
40.4
39.7
39
38.4
37.8
37.2
36.6
36.1
35.5
34.9
34.4
33.9
33.3
32.8
32.3
31.9
31.4
30.9
30.4
30
29.5
29.1
28.7
28.3
27.8
27.4
27
26.7
26.3
25.9
25.5
25.2
24.8
24.5
24.1
23.8
23.5
23.2
22.8
22.5
22.2
21.9
21.6