514
507
500
492
484
477
469
462
454
447
440
433
426
419
412
405
398
391
385
379
372
366
360
353
347
342
336
330
324
318
313
307
302
297
291
286
281
276
271
267
262
257
253
248
244
240
235
231
227
223
219
215
211
208
204
200
196.1
192.8
189.4
186.2
182.9
179.7
176.6
173.7
170.7
167.9
164.9
162.1
159.4
156.7
154.1
151.5
148.9
146.5
144
141.6
139.3
137
134.8
132.6
130.4
128.3
126.2
124.2
122.2
120.2
118.3
116.4
114.6
112.8
111
109.3
107.6
105.9
104.2
102.6
101
99.5
98
96.5
95
93.6
92.2
90.9
89.5
88.2
86.9
85.6
84.3
83
81.9
80.7
79.5
78.4
77.2
76.4
75.2
74.2
73.1
72.1
71.1
70.1
69.1
68.1
67.2
66.3
65.3
64.4
63.3
62.4
61.6
60.8
60
59.3
58.5
57.8
57.1
56.4
55.6
54.9
54.2
53.5
52.8
52.1
51.5
50.8
50.2
49.5
48.9
48.3
47.7
47.1
46.5
45.9
45.3
44.8
44.2
43.7
43.2
42.6
42.1
41.6
41.1
40.6
40.1
39.6
39.2
38.7
38.3
37.8
37.4
36.9
36.5
36.1
35.7
35.3
34.9
34.5
34.1
33.7
33.4
33
32.6
32.3
31.9
31.6
31.2
30.9
30.6
30.2
29.9
29.6
29.2
28.9
28.6
28.3
28
27.7
27.4
27.1
26.8